order(3) dim(2) <0.000,0.000> <0.000,0.000> <0.000,0.000> <0.000,0.000> 
order(3) dim(2) <0.000,1.000> <2.000,5.000> <4.000,3.000> <6.000,7.000> 
order(3) dim(2) <0.000,1.000> <2.000,5.000> <4.000,3.000> <6.000,7.000> 
0.0: <0.000,1.000>
0.1: <0.600,2.032>
0.2: <1.200,2.776>
0.3: <1.800,3.304>
0.4: <2.400,3.688>
0.5: <3.000,4.000>
0.6: <3.600,4.312>
0.7: <4.200,4.696>
0.8: <4.800,5.224>
0.9: <5.400,5.968>
1.0: <6.000,7.000>
After transformation:
0.0: <-1.500,1.000>
0.1: <-2.532,1.300>
0.2: <-3.276,1.600>
0.3: <-3.804,1.900>
0.4: <-4.188,2.200>
0.5: <-4.500,2.500>
0.6: <-4.812,2.800>
0.7: <-5.196,3.100>
0.8: <-5.724,3.400>
0.9: <-6.468,3.700>
1.0: <-7.500,4.000>
approx length: 10.482
Control points weight:
0.000 <1.000,0.000,0.000,0.000>
0.050 <0.857,0.135,0.007,0.000>
0.100 <0.729,0.243,0.027,0.001>
0.150 <0.614,0.325,0.057,0.003>
0.200 <0.512,0.384,0.096,0.008>
0.250 <0.422,0.422,0.141,0.016>
0.300 <0.343,0.441,0.189,0.027>
0.350 <0.275,0.444,0.239,0.043>
0.400 <0.216,0.432,0.288,0.064>
0.450 <0.166,0.408,0.334,0.091>
0.500 <0.125,0.375,0.375,0.125>
0.550 <0.091,0.334,0.408,0.166>
0.600 <0.064,0.288,0.432,0.216>
0.650 <0.043,0.239,0.444,0.275>
0.700 <0.027,0.189,0.441,0.343>
0.750 <0.016,0.141,0.422,0.422>
0.800 <0.008,0.096,0.384,0.512>
0.850 <0.003,0.057,0.325,0.614>
0.900 <0.001,0.027,0.243,0.729>
0.950 <0.000,0.007,0.135,0.857>
1.000 <0.000,0.000,0.000,1.000>
cloud:
<0.000,0.000>
<0.250,0.707>
<1.000,1.000>
cloudCurve: order(2) dim(2) <0.000,0.000> <0.035,0.950> <1.000,1.000> 
0.000 <0.000,0.000>
0.100 <0.016,0.181>
0.200 <0.051,0.344>
0.300 <0.105,0.489>
0.400 <0.177,0.616>
0.500 <0.267,0.725>
0.600 <0.377,0.816>
0.700 <0.505,0.889>
0.800 <0.651,0.944>
0.900 <0.816,0.981>
1.000 <1.000,1.000>
bounding box of 
order(3) dim(2) <-1.500,1.000> <-5.500,2.000> <-3.500,3.000> <-7.500,4.000> 
is
Type: Facoid
Dim: 2
Pos: <-7.500,1.000>
Axis(0): <6.000,0.000>
Axis(1): <0.000,3.000>
---------- Test BSurf
surf nb ctrl 9
Set surface ctrl <0,0> <0.510>
Set surface ctrl <0,1> <1.000>
Set surface ctrl <0,2> <0.520>
Set surface ctrl <1,0> <0.000>
Set surface ctrl <1,1> <0.500>
Set surface ctrl <1,2> <1.000>
Set surface ctrl <2,0> <0.530>
Set surface ctrl <2,1> <0.000>
Set surface ctrl <2,2> <0.540>
surface:
 y\x 0.00 0.10 0.20 0.30 0.40 0.50 0.60 0.70 0.80 0.90 1.00 
0.00 0.51 0.42 0.35 0.30 0.27 0.26 0.27 0.31 0.36 0.43 0.53 
0.10 0.60 0.51 0.43 0.37 0.33 0.31 0.30 0.31 0.33 0.38 0.43 
0.20 0.67 0.58 0.51 0.44 0.39 0.36 0.33 0.32 0.32 0.33 0.36 
0.30 0.72 0.64 0.57 0.50 0.45 0.41 0.37 0.34 0.32 0.31 0.31 
0.40 0.75 0.68 0.62 0.56 0.51 0.46 0.41 0.37 0.34 0.30 0.28 
0.50 0.76 0.71 0.66 0.61 0.56 0.51 0.46 0.41 0.36 0.31 0.27 
0.60 0.75 0.72 0.68 0.64 0.60 0.56 0.51 0.46 0.40 0.34 0.28 
0.70 0.72 0.71 0.70 0.68 0.65 0.61 0.56 0.51 0.45 0.39 0.31 
0.80 0.67 0.69 0.70 0.70 0.69 0.66 0.62 0.58 0.52 0.45 0.37 
0.90 0.61 0.66 0.69 0.71 0.72 0.71 0.69 0.65 0.60 0.53 0.44 
1.00 0.52 0.61 0.67 0.72 0.75 0.76 0.76 0.73 0.69 0.62 0.54 
