order(3) dim(2) <0.000,0.000> <0.000,0.000> <0.000,0.000> <0.000,0.000> 
order(3) dim(2) <0.000,1.000> <2.000,5.000> <4.000,3.000> <6.000,7.000> 
order(3) dim(2) <0.000,1.000> <2.000,5.000> <4.000,3.000> <6.000,7.000> 
0.0: <0.000,1.000>
0.1: <0.600,2.032>
0.2: <1.200,2.776>
0.3: <1.800,3.304>
0.4: <2.400,3.688>
0.5: <3.000,4.000>
0.6: <3.600,4.312>
0.7: <4.200,4.696>
0.8: <4.800,5.224>
0.9: <5.400,5.968>
1.0: <6.000,7.000>
After transformation:
0.0: <-1.500,1.000>
0.1: <-2.532,1.300>
0.2: <-3.276,1.600>
0.3: <-3.804,1.900>
0.4: <-4.188,2.200>
0.5: <-4.500,2.500>
0.6: <-4.812,2.800>
0.7: <-5.196,3.100>
0.8: <-5.724,3.400>
0.9: <-6.468,3.700>
1.0: <-7.500,4.000>
approx length: 10.482
Control points weight:
0.000 <1.000,0.000,0.000,0.000>
0.050 <0.857,0.135,0.007,0.000>
0.100 <0.729,0.243,0.027,0.001>
0.150 <0.614,0.325,0.057,0.003>
0.200 <0.512,0.384,0.096,0.008>
0.250 <0.422,0.422,0.141,0.016>
0.300 <0.343,0.441,0.189,0.027>
0.350 <0.275,0.444,0.239,0.043>
0.400 <0.216,0.432,0.288,0.064>
0.450 <0.166,0.408,0.334,0.091>
0.500 <0.125,0.375,0.375,0.125>
0.550 <0.091,0.334,0.408,0.166>
0.600 <0.064,0.288,0.432,0.216>
0.650 <0.043,0.239,0.444,0.275>
0.700 <0.027,0.189,0.441,0.343>
0.750 <0.016,0.141,0.422,0.422>
0.800 <0.008,0.096,0.384,0.512>
0.850 <0.003,0.057,0.325,0.614>
0.900 <0.001,0.027,0.243,0.729>
0.950 <0.000,0.007,0.135,0.857>
1.000 <0.000,0.000,0.000,1.000>
cloud:
<0.000,0.000>
<0.250,0.707>
<1.000,1.000>
cloudCurve: order(2) dim(2) <0.000,0.000> <0.035,0.950> <1.000,1.000> 
0.000 <0.000,0.000>
0.100 <0.016,0.181>
0.200 <0.051,0.344>
0.300 <0.105,0.489>
0.400 <0.177,0.616>
0.500 <0.267,0.725>
0.600 <0.377,0.816>
0.700 <0.505,0.889>
0.800 <0.651,0.944>
0.900 <0.816,0.981>
1.000 <1.000,1.000>
